(0, 104)	1.0
(0, 1044)	1.0
(0, 1112)	1.0
(1127, 0)	1.0
(0, 170)	1.0
(0, 240)	1.0
(309, 0)	1.0
(359, 0)	1.0
(0, 427)	1.0
(497, 0)	1.0
(0, 549)	1.0
(0, 580)	1.0
(0, 626)	1.0
(0, 657)	1.0
(0, 680)	1.0
(771, 0)	1.0
(0, 81)	1.0
(0, 846)	1.0
(912, 0)	1.0
(0, 978)	1.0
(104, 104)	1.0
(657, 104)	1.0
(170, 104)	1.0
(680, 104)	1.0
(1127, 104)	1.0
(771, 104)	1.0
(626, 104)	1.0
(580, 104)	1.0
(549, 104)	1.0
(497, 104)	1.0
(846, 104)	1.0
(1112, 104)	1.0
(427, 104)	1.0
(359, 104)	1.0
(240, 104)	1.0
(104, 1044)	1.0
(104, 1112)	1.0
(104, 1127)	1.0
(104, 170)	1.0
(104, 240)	1.0
(104, 309)	1.0
(104, 359)	1.0
(104, 427)	1.0
(104, 497)	1.0
(104, 549)	1.0
(104, 580)	1.0
(104, 626)	1.0
(104, 657)	1.0
(104, 680)	1.0
(104, 771)	1.0
(81, 104)	1.0
(104, 846)	1.0
(912, 104)	1.0
(978, 104)	1.0
(1044, 1112)	1.0
(1127, 1044)	1.0
(1044, 170)	1.0
(240, 1044)	1.0
(1044, 1044)	1.0
(309, 1044)	1.0
(359, 1044)	1.0
(427, 1044)	1.0
(1044, 497)	1.0
(1044, 549)	1.0
(1044, 580)	1.0
(626, 1044)	1.0
(657, 1044)	1.0
(680, 1044)	1.0
(771, 1044)	1.0
(1044, 81)	1.0
(846, 1044)	1.0
(912, 1044)	1.0
(1044, 978)	1.0
(1127, 1112)	1.0
(170, 1112)	1.0
(240, 1112)	1.0
(309, 1112)	1.0
(359, 1112)	1.0
(1112, 427)	1.0
(1112, 497)	1.0
(549, 1112)	1.0
(580, 1112)	1.0
(626, 1112)	1.0
(657, 1112)	1.0
(680, 1112)	1.0
(1112, 1112)	1.0
(1112, 771)	1.0
(81, 1112)	1.0
(1112, 846)	1.0
(1112, 912)	1.0
(978, 1112)	1.0
(1127, 1127)	1.0
(1112, 1127)	1.0
(1044, 1127)	1.0
(978, 1127)	1.0
(912, 1127)	1.0
(846, 1127)	1.0
(771, 1127)	1.0
(680, 1127)	1.0
(1127, 170)	1.0
(1127, 240)	1.0
(309, 1127)	1.0
(359, 1127)	1.0
(1127, 427)	1.0
(1127, 497)	1.0
(549, 1127)	1.0
(1127, 580)	1.0
(1127, 626)	1.0
(1127, 657)	1.0
(1127, 680)	1.0
(1127, 771)	1.0
(81, 1127)	1.0
(1127, 846)	1.0
(1127, 912)	1.0
(1127, 978)	1.0
(240, 170)	1.0
(170, 309)	1.0
(359, 170)	1.0
(170, 427)	1.0
(497, 170)	1.0
(549, 170)	1.0
(580, 170)	1.0
(170, 170)	1.0
(170, 626)	1.0
(170, 657)	1.0
(680, 170)	1.0
(771, 170)	1.0
(81, 170)	1.0
(846, 170)	1.0
(170, 912)	1.0
(170, 978)	1.0
(309, 240)	1.0
(359, 240)	1.0
(427, 240)	1.0
(240, 497)	1.0
(240, 309)	1.0
(240, 359)	1.0
(240, 427)	1.0
(549, 240)	1.0
(580, 240)	1.0
(240, 626)	1.0
(240, 657)	1.0
(240, 680)	1.0
(771, 240)	1.0
(240, 81)	1.0
(846, 240)	1.0
(240, 912)	1.0
(240, 978)	1.0
(359, 309)	1.0
(309, 427)	1.0
(309, 497)	1.0
(309, 549)	1.0
(309, 580)	1.0
(309, 626)	1.0
(657, 309)	1.0
(309, 680)	1.0
(771, 309)	1.0
(81, 309)	1.0
(846, 309)	1.0
(912, 309)	1.0
(978, 309)	1.0
(309, 309)	1.0
(359, 427)	1.0
(359, 497)	1.0
(549, 359)	1.0
(359, 580)	1.0
(427, 359)	1.0
(497, 359)	1.0
(359, 626)	1.0
(359, 657)	1.0
(359, 680)	1.0
(359, 771)	1.0
(81, 359)	1.0
(359, 846)	1.0
(912, 359)	1.0
(978, 359)	1.0
(580, 427)	1.0
(427, 497)	1.0
(549, 427)	1.0
(427, 580)	1.0
(626, 427)	1.0
(657, 427)	1.0
(680, 427)	1.0
(427, 771)	1.0
(427, 81)	1.0
(846, 427)	1.0
(912, 427)	1.0
(978, 427)	1.0
(497, 497)	1.0
(497, 549)	1.0
(580, 497)	1.0
(626, 497)	1.0
(497, 657)	1.0
(680, 497)	1.0
(771, 497)	1.0
(497, 81)	1.0
(497, 846)	1.0
(912, 497)	1.0
(497, 978)	1.0
(549, 580)	1.0
(657, 549)	1.0
(580, 549)	1.0
(549, 626)	1.0
(549, 657)	1.0
(549, 680)	1.0
(771, 549)	1.0
(549, 81)	1.0
(549, 846)	1.0
(912, 549)	1.0
(549, 978)	1.0
(580, 580)	1.0
(580, 626)	1.0
(657, 580)	1.0
(680, 580)	1.0
(771, 580)	1.0
(580, 81)	1.0
(846, 580)	1.0
(912, 580)	1.0
(978, 580)	1.0
(626, 626)	1.0
(846, 626)	1.0
(657, 626)	1.0
(771, 626)	1.0
(626, 657)	1.0
(680, 626)	1.0
(626, 771)	1.0
(81, 626)	1.0
(626, 846)	1.0
(626, 912)	1.0
(626, 978)	1.0
(680, 657)	1.0
(771, 657)	1.0
(657, 81)	1.0
(657, 846)	1.0
(912, 657)	1.0
(978, 657)	1.0
(657, 978)	1.0
(771, 680)	1.0
(81, 680)	1.0
(846, 680)	1.0
(680, 771)	1.0
(680, 846)	1.0
(912, 680)	1.0
(680, 978)	1.0
(81, 771)	1.0
(771, 81)	1.0
(846, 771)	1.0
(771, 912)	1.0
(978, 771)	1.0
(81, 846)	1.0
(81, 912)	1.0
(978, 81)	1.0
(912, 846)	1.0
(978, 846)	1.0
(846, 912)	1.0
(846, 978)	1.0
(978, 912)	1.0
(912, 978)	1.0