(240, 1127)	0.2
(240, 1112)	0.5
(240, 1044)	0.16666666666666666
(240, 978)	0.5
(240, 912)	0.25
(240, 846)	0.3333333333333333
(240, 81)	0.3333333333333333
(240, 771)	0.2
(240, 680)	0.42857142857142855
(240, 657)	0.5
(240, 170)	0.16666666666666666
(240, 626)	0.3333333333333333
(240, 580)	0.25
(240, 0)	0.42857142857142855
(240, 549)	0.3333333333333333
(240, 497)	0.2
(240, 427)	0.2
(240, 359)	0.5
(240, 104)	0.16666666666666666
(240, 309)	0.3333333333333333
(1127, 1112)	0.5
(1127, 1044)	0.16666666666666666
(1127, 978)	0.16666666666666666
(1127, 912)	0.25
(1127, 846)	0.3333333333333333
(1127, 81)	0.3333333333333333
(1127, 771)	0.2
(1127, 680)	0.14285714285714285
(1127, 657)	0.5
(1127, 170)	0.16666666666666666
(1127, 626)	0.3333333333333333
(1127, 580)	0.25
(1127, 0)	0.14285714285714285
(1127, 549)	0.3333333333333333
(1127, 497)	0.2
(1127, 427)	0.4
(1127, 359)	0.16666666666666666
(1127, 104)	0.16666666666666666
(1127, 309)	0.3333333333333333
(1112, 1044)	0.16666666666666666
(1112, 978)	0.3333333333333333
(1112, 912)	0.25
(1112, 846)	0.16666666666666666
(1112, 81)	0.6666666666666666
(1112, 771)	0.2
(1112, 680)	0.2857142857142857
(1112, 657)	0.5
(1112, 170)	0.16666666666666666
(1112, 626)	0.3333333333333333
(1112, 580)	0.25
(1112, 0)	0.14285714285714285
(1112, 549)	0.6666666666666666
(1112, 497)	0.4
(1112, 427)	0.2
(1112, 359)	0.16666666666666666
(1112, 104)	0.16666666666666666
(1112, 309)	0.3333333333333333
(1044, 978)	0.16666666666666666
(1044, 912)	0.25
(1044, 846)	0.16666666666666666
(1044, 81)	0.3333333333333333
(1044, 771)	0.2
(1044, 680)	0.14285714285714285
(1044, 657)	0.5
(1044, 170)	0.16666666666666666
(1044, 626)	0.3333333333333333
(1044, 580)	0.25
(1044, 0)	0.14285714285714285
(1044, 549)	0.3333333333333333
(1044, 497)	0.2
(1044, 427)	0.2
(1044, 359)	0.16666666666666666
(1044, 104)	0.16666666666666666
(1044, 309)	0.3333333333333333
(978, 912)	0.25
(978, 846)	0.3333333333333333
(978, 81)	0.6666666666666666
(978, 771)	0.6
(978, 680)	0.5714285714285714
(978, 657)	0.5
(978, 170)	0.16666666666666666
(978, 626)	0.3333333333333333
(978, 580)	0.25
(978, 0)	0.42857142857142855
(978, 549)	0.6666666666666666
(978, 497)	0.4
(978, 427)	0.2
(978, 359)	0.5
(978, 104)	0.16666666666666666
(978, 309)	0.3333333333333333
(912, 846)	0.3333333333333333
(912, 81)	0.3333333333333333
(912, 771)	0.4
(912, 680)	0.14285714285714285
(912, 657)	0.5
(912, 170)	0.16666666666666666
(912, 626)	0.3333333333333333
(912, 580)	0.25
(912, 0)	0.14285714285714285
(912, 549)	0.3333333333333333
(912, 497)	0.2
(912, 427)	0.2
(912, 359)	0.16666666666666666
(912, 104)	0.16666666666666666
(912, 309)	0.3333333333333333
(846, 81)	0.3333333333333333
(846, 771)	0.2
(846, 680)	0.2857142857142857
(846, 657)	0.5
(846, 170)	0.16666666666666666
(846, 626)	0.3333333333333333
(846, 580)	0.25
(846, 0)	0.2857142857142857
(846, 549)	0.3333333333333333
(846, 497)	0.2
(846, 427)	0.2
(846, 359)	0.3333333333333333
(846, 104)	0.16666666666666666
(846, 309)	0.3333333333333333
(81, 771)	0.2
(81, 680)	0.2857142857142857
(81, 657)	0.5
(81, 170)	0.16666666666666666
(81, 626)	0.3333333333333333
(81, 580)	0.25
(81, 0)	0.2857142857142857
(81, 549)	1.0
(81, 497)	0.6
(81, 427)	0.2
(81, 359)	0.16666666666666666
(81, 104)	0.16666666666666666
(81, 309)	0.3333333333333333
(771, 680)	0.14285714285714285
(771, 657)	0.5
(771, 170)	0.16666666666666666
(771, 626)	0.3333333333333333
(771, 580)	0.25
(771, 0)	0.14285714285714285
(771, 549)	0.3333333333333333
(771, 497)	0.2
(771, 427)	0.2
(771, 359)	0.16666666666666666
(771, 104)	0.16666666666666666
(771, 309)	0.3333333333333333
(680, 657)	0.5
(680, 170)	0.16666666666666666
(680, 626)	0.3333333333333333
(680, 580)	0.25
(680, 0)	0.7142857142857143
(680, 549)	0.6666666666666666
(680, 497)	0.6
(680, 427)	0.2
(680, 359)	0.5
(680, 104)	0.3333333333333333
(680, 309)	0.6666666666666666
(657, 170)	0.16666666666666666
(657, 626)	0.3333333333333333
(657, 580)	0.25
(657, 0)	0.14285714285714285
(657, 549)	0.3333333333333333
(657, 497)	0.2
(657, 427)	0.2
(657, 359)	0.16666666666666666
(657, 104)	0.16666666666666666
(657, 309)	0.3333333333333333
(170, 626)	0.3333333333333333
(170, 580)	0.25
(170, 0)	0.14285714285714285
(170, 549)	0.3333333333333333
(170, 497)	0.2
(170, 427)	0.2
(170, 359)	0.16666666666666666
(170, 104)	0.16666666666666666
(170, 309)	0.3333333333333333
(626, 580)	0.25
(626, 0)	0.14285714285714285
(626, 549)	0.3333333333333333
(626, 497)	0.2
(626, 427)	0.2
(626, 359)	0.16666666666666666
(626, 104)	0.16666666666666666
(626, 309)	0.3333333333333333
(580, 0)	0.14285714285714285
(580, 549)	0.3333333333333333
(580, 497)	0.2
(580, 427)	0.2
(580, 359)	0.16666666666666666
(580, 104)	0.16666666666666666
(580, 309)	0.3333333333333333
(0, 549)	0.6666666666666666
(0, 497)	0.8
(0, 427)	0.2
(0, 359)	0.5
(0, 104)	0.3333333333333333
(0, 309)	0.6666666666666666
(549, 497)	0.6
(549, 427)	0.2
(549, 359)	0.16666666666666666
(549, 104)	0.16666666666666666
(549, 309)	0.3333333333333333
(497, 427)	0.2
(497, 359)	0.16666666666666666
(497, 104)	0.16666666666666666
(497, 309)	0.3333333333333333
(427, 359)	0.16666666666666666
(427, 104)	0.16666666666666666
(427, 309)	0.3333333333333333
(359, 104)	0.16666666666666666
(359, 309)	0.3333333333333333
(104, 309)	0.6666666666666666
(680, 0)	0.7142857142857143
(81, 549)	1.0
